1655654850405 1.1337539295555523 0
1655654850703 1.0174937591318627 1
1655654851006 0.9214202413524107 2
1655654851284 0.8365560019159596 3
1655654851594 0.7612365576674052 4
1655654851887 0.6982824271755264 5
1655654852196 0.6394532314705875 6
1655654852527 0.5848782467379381 7
1655654852852 0.5377849453347704 8
1655654853322 0.4934867372176331 9
1655654853699 0.4552054927572269 10
1655654854055 0.41789112598608114 11
1655654854426 0.38334645663322753 12
1655654854836 0.3531110598818474 13
1655654855240 0.32482599485887936 14
1655654855590 0.2990169415069385 15
1655654855913 0.27588191333021417 16
1655654856246 0.25405423549830014 17
1655654856666 0.23325278883349632 18
1655654857012 0.21522099999851066 19
1655654857295 0.19926557622631366 20
1655654857636 0.18390617781663793 21
1655654857945 0.16926805097760078 22
1655654858257 0.15619412285250234 23
1655654858527 0.1456948297321902 24
1655654858912 0.13500437022368664 25
1655654859256 0.12611844812617043 26
1655654859595 0.11750824436529526 27
1655654859896 0.1085803678222644 28
1655654860228 0.10166421697765635 29
1655654860495 0.0953223108870912 30
1655654860855 0.08811300112288174 31
1655654861470 0.08205243351381021 32
1655654862430 0.07718299292553879 33
1655654864058 0.07217741505264072 34
1655654865022 0.0674755670292334 35
1655654865993 0.06329567024914733 36
1655654866329 0.05858871544061263 37
1655654866776 0.05491034819623393 38
1655654867116 0.05101091160870582 39
1655654867408 0.04770259520318677 40
1655654867733 0.04440421024675501 41
1655654868436 0.041616205720703396 42
1655654868943 0.03873232290234702 43
1655654869261 0.03623512115006722 44
1655654869618 0.03375062240828875 45
1655654870180 0.03181125483995474 46
1655654870524 0.02954081946791525 47
1655654871010 0.027837187544798237 48
1655654871313 0.025754647052375144 49
1655654871580 0.024215356807318508 50
1655654871853 0.02264030698456716 51
1655654872136 0.021115939944543683 52
1655654872462 0.01975217601562921 53
1655654872715 0.01844477188877958 54
1655654873010 0.017106926607320615 55
1655654873302 0.015882138395743168 56
1655654873612 0.01470688257065998 57
1655654873857 0.013744136106021172 58
1655654874107 0.012807810381932247 59
1655654874392 0.011960982216797738 60
1655654874687 0.01122176379628448 61
1655654875015 0.010589037590185481 62
1655654875275 0.009919686788285148 63
1655654875552 0.009314899293206468 64
1655654875811 0.008734528482597946 65
1655654876052 0.008186235707069672 66
1655654876345 0.007600770875388404 67
1655654876620 0.007078879312413811 68
1655654876960 0.00658363133329533 69
1655654877393 0.006185940628444146 70
1655654877744 0.005798305670072923 71
1655654877998 0.00546832766469212 72
1655654878370 0.00510524395693654 73
1655654878674 0.004780607241804809 74
1655654879036 0.004441934148611295 75
1655654879318 0.00413881884201295 76
1655654879561 0.0038787614752648974 77
1655654879820 0.0036581980793656673 78
1655654880113 0.003413036149146094 79
1655654880369 0.003215422350623419 80
1655654880641 0.0029768775565833564 81
1655654880938 0.0027578129348725796 82
1655654881194 0.0025907983856310484 83
1655654881503 0.002410681361740275 84
1655654881817 0.0022570980667289877 85
1655654882082 0.002095030740530172 86
1655654882371 0.0019417970181181453 87
1655654882621 0.0018127893321550227 88
1655654882888 0.0016826453022991896 89
1655654883255 0.001572326993541444 90
1655654883558 0.0014532654439530703 91
1655654883803 0.001367957505051274 92
1655654884086 0.0012653492706112973 93
1655654884344 0.0011828841531929964 94
1655654884625 0.0010996340464718604 95
1655654884887 0.0010256024345983964 96
1655654885129 0.0009607956757565181 97
1655654885401 0.0008908499181873021 98
1655654885616 0.0008396587178306824 99
