1655654366999 1.1347861751904318 0
1655654367258 1.022723520336047 1
1655654367489 0.927305016186465 2
1655654367682 0.8423354788687947 3
1655654367905 0.7689832595899754 4
1655654368116 0.7028274032737697 5
1655654368308 0.6472175687069089 6
1655654368624 0.5947939378274756 7
1655654368918 0.5466606046865232 8
1655654369192 0.5035984338057476 9
1655654369449 0.4641525561510038 10
1655654369742 0.4273487544905006 11
1655654369982 0.3937370966103141 12
1655654370197 0.36358319452987675 13
1655654370472 0.3349010432804041 14
1655654370834 0.309349567910457 15
1655654371041 0.28615902122367604 16
1655654371293 0.26662686778375055 17
1655654371515 0.2468235387802806 18
1655654371758 0.2284154860965795 19
1655654371985 0.21230074272915692 20
1655654372190 0.1970083237021326 21
1655654372428 0.1830229151740841 22
1655654372690 0.16983256197657096 23
1655654372948 0.16007038539428856 24
1655654373250 0.14900259502818033 25
1655654373461 0.1396521946065663 26
1655654373661 0.12966833465274782 27
1655654373865 0.12172324953681778 28
1655654374156 0.11364271690144642 29
1655654374339 0.10726148317849837 30
1655654374534 0.10126611244818183 31
1655654374753 0.0944370168458777 32
1655654374961 0.08836245481510613 33
1655654375187 0.08233868832447078 34
1655654375387 0.07727302421568231 35
1655654375565 0.07321407698294806 36
1655654375781 0.0682066979564726 37
1655654375961 0.06417727035416944 38
1655654376171 0.05999932453207807 39
1655654376343 0.056563561138956636 40
1655654376531 0.05279923929877297 41
1655654376730 0.04981225986241246 42
1655654376927 0.046519530234646965 43
1655654377149 0.043449377188830414 44
1655654377334 0.04111296547773529 45
1655654377529 0.038451891757819344 46
1655654377722 0.03593063314053631 47
1655654377929 0.03348612496465181 48
1655654378111 0.03161648239131812 49
1655654378310 0.02930629893433841 50
1655654378480 0.027598861663876154 51
1655654378679 0.025759509696393446 52
1655654378899 0.0241045535203548 53
1655654379134 0.022685786391865834 54
1655654379378 0.021140547189363198 55
1655654379604 0.019968960129474824 56
1655654379817 0.018728638947040358 57
1655654380008 0.01770847759273308 58
1655654380211 0.016465856556309465 59
1655654380447 0.01533173442780577 60
1655654380748 0.014300714781080248 61
1655654380968 0.013309768212544709 62
1655654381194 0.01242485696799913 63
1655654381412 0.011754557884536089 64
1655654381628 0.011060830837380265 65
1655654381868 0.01029768110148911 66
1655654382084 0.009636320879706228 67
1655654382315 0.00904385194461872 68
1655654382531 0.008493558600423848 69
1655654382768 0.007996203627799648 70
1655654382995 0.007469223008828405 71
1655654383209 0.007095513877178674 72
1655654383427 0.00666965613703869 73
1655654383707 0.006194415142468401 74
1655654383908 0.005823353833429779 75
1655654384099 0.005417177912884924 76
1655654384343 0.005048881872673171 77
1655654384614 0.004724569425489156 78
1655654384857 0.004427470655261331 79
1655654385061 0.004164847141342931 80
1655654385293 0.003897141931251179 81
1655654385491 0.0036721392473220292 82
1655654385685 0.0034345874472204905 83
1655654385930 0.0032131233183144013 84
1655654386195 0.003002882843329102 85
1655654386445 0.002826935209216314 86
1655654386725 0.002656529151534797 87
1655654386950 0.0025066246147980647 88
1655654387239 0.002343535994676752 89
1655654387483 0.0021973521283967204 90
1655654387715 0.0020467521907188238 91
1655654387906 0.0019196160794948465 92
1655654388206 0.0017789737518185548 93
1655654388472 0.0016760595738559826 94
1655654388776 0.0015721926373158772 95
1655654389056 0.0014630287057091345 96
1655654389331 0.0013580510678684588 97
1655654389599 0.0012648548241287344 98
1655654389849 0.0011929160121502342 99
